gene_name,cbf11,cbf11dbm,mga2,mga2cbf11,Pcut6MUT,cer,cbf11_amm,cbf11dbm_amm,mga2_amm,mga2cbf11_amm
ptl2,-0.183827652140044,0.517527771994973,-1.33514633066777,-1.25760539784613,0.679414381751976,0.768960617772833,-0.362049770432728,0.571314141426413,-1.40597303024001,-1.38863734847816
vht1,-0.781573294078745,-1.41111509177355,-1.19576464390996,-1.24765475056721,1.2961079202607,0.779963177274561,-0.386161785552609,-1.34603189731632,-0.907085650435653,-1.22254212175879
fsh2,-1.08489938183665,-1.02394966719379,-1.21266374064327,-1.0498733306887,0.286530469476171,-0.399857162750995,-0.678338541525913,-1.41486794767725,-1.44354976772666,-1.35481266265133
mga2,-0.201260400381395,0.182233161001064,-4.94324435511647,-4.84470839483956,-0.143941742537448,0.0975189434641852,-0.0225851550079813,0.686302268590145,-4.60216581089137,-4.50485013757195
fas2,-1.08976428710552,-0.593380335083855,-0.719829193326986,-0.692508103350995,0.169598367490119,0.155736190519629,-0.711685733492581,0.22593658141548,0.0679105813954763,-0.159295168222575
cut6,-1.75949433963305,-1.36338217337468,-1.16664640324803,-1.22830460391542,-1.43828244805967,0.668459091622927,-1.35913499519315,-0.486113806816239,-0.353159457609805,-0.610011800102021
fas1,-0.721318385751206,-0.0448319607116685,-0.613733442255929,-0.576991199706814,0.215839497487512,0.373601909583895,-0.307771407922944,0.801510036984809,0.205951195113935,-0.0440456530253921
lcf1,-1.58131177282269,-1.30733085888635,-1.80678603591535,-1.72152491686762,0.183605657442015,0.613412152270416,-1.51733455486395,-1.2768163681718,-1.75020538496091,-1.87152119495322
sre1,0.254723975097762,0.838282503818455,0.821945483630145,0.843129721261516,0.0752466515759292,-0.133282837392413,0.422568537286079,1.1725537104121,1.01048018703992,1.09732191827322
sre2,-0.689641706521909,-0.388077690510159,-0.208509229386022,-0.16552642041912,-0.284577771994411,-0.145891981093173,-0.569318108882372,0.162890847879212,0.397366139277954,0.29027393662882
lcf2,-1.39701848289027,-1.24244454202553,-1.06464917485838,-1.05074611546176,0.422644086174599,0.788127992251139,-0.906677011195003,-0.832781175211659,-0.63849268035054,-0.807649297863481
bio2,-0.793012998339614,-1.02161886534601,-1.06991915226193,-1.13913416091546,0.476971681999902,0.284017675265594,-0.466528158469982,-0.484523850820835,-0.492662510638326,-0.569995324276959
ole1,-1.84470840584907,-1.55588201083519,-1.58702526547502,-1.7504740404155,0.539043703702914,0.506114052332257,-1.4371188520123,-0.993327314452796,-1.08797332674444,-1.43277504007387
ptl1,-0.957213615272354,-0.825531787901982,-1.0461268088257,-0.795251431413757,0.596870820266162,0.630792797194269,-1.03212721259538,-0.848415003261984,-0.998980072413156,-0.929145358300462
cbf11,-2.64927092761713,-0.946894637288034,-0.226839851977507,-0.419537561502465,-0.185111834348531,-0.904693226026257,-2.69570267400701,-1.07980211551734,-0.345845651178389,-0.755978242286021
