gene_name,cbf11,cbf11dbm,mga2,mga2cbf11,Pcut6MUT,cer,cbf11_amm,cbf11dbm_amm,mga2_amm,mga2cbf11_amm
ptl2,0.880364177728219,1.43150010086887,0.396351864815937,0.418237579556877,1.60148954716562,1.704041673131,0.778058334453059,1.48587642944972,0.377363546503283,0.381925367340406
vht1,0.581732054224816,0.376020939377749,0.436555007774912,0.421132245344253,2.45565505531384,1.71708704612767,0.76516257385099,0.393372525297069,0.533261230632456,0.428526960410429
fsh2,0.471425145509049,0.491768193543585,0.431471226668605,0.483010571158788,1.21970348858467,0.757933320423977,0.624884499249843,0.375044074170317,0.367661554995417,0.390985588667588
mga2,0.869790345043846,1.13463884465136,0.0325038775488497,0.0348014591139766,0.905043008683059,1.06993187766496,0.98446706349963,1.6091538510452,0.0411727661780748,0.0440458486988301
fas2,0.469838132242071,0.662788127480384,0.607169323246614,0.618777179652635,1.12474532275282,1.11398992933483,0.610606252005854,1.16953625196431,1.04819750595628,0.89546244419012
cut6,0.295351667108093,0.388670044676416,0.445455615687111,0.426818731161437,0.369006350994905,1.58937448740097,0.389815943921843,0.713945668107163,0.782867762985264,0.655191342961355
fas1,0.606542908498873,0.969402722471236,0.653503359523274,0.670360384907942,1.16137951910196,1.29558341897176,0.807888775792165,1.74292445267687,1.15344658449106,0.96993121709483
lcf1,0.334177898715464,0.404067757339826,0.285826971308753,0.303228042088751,1.13571878789891,1.52987327299712,0.349330725255033,0.412705231638134,0.297259457285452,0.273285118238523
sre1,1.19310744885726,1.78792039515444,1.76778825991567,1.79393761563548,1.05354114010923,0.911754400424078,1.34031168841975,2.25410342222562,2.01458152243939,2.13957153953553
sre2,0.620007809861078,0.764147109220638,0.865431039617604,0.891603125820207,0.820981847251745,0.903820395962908,0.673935249272421,1.11952818364391,1.31710114464949,1.22287245271593
lcf2,0.379713057780546,0.422655889372974,0.47808890319424,0.4827184534423,1.3403818776883,1.72683231054353,0.533412296743097,0.561445863443784,0.64238375722185,0.571311985746315
bio2,0.577137508863135,0.492563330828937,0.476345692392098,0.454031984982957,1.39181907218397,1.21758093583812,0.723704095730054,0.714732922445836,0.71071225892223,0.673618971604308
ole1,0.278411670787195,0.340120528332681,0.332857074034374,0.297204107445662,1.45300906505135,1.42021962964301,0.369304090655997,0.502317932852039,0.470421751065222,0.370417704360136
ptl1,0.515050709241237,0.564274168494818,0.484266527080457,0.576242737653781,1.51243256714924,1.54841565312007,0.488988617247981,0.555394577463901,0.500353604943134,0.525169356060766
cbf11,0.159400611875414,0.518747852023427,0.854504590890186,0.747664240668427,0.879580890224313,0.534146272553238,0.154352133119099,0.473093709898908,0.78684662277784,0.592144736170761
